51911:169|139|223|223|241|189|178|200|231|193|253|188|204|121|170|179|172|155|248|215|194|192|164|193|155|203|186|162|183|204|216|195|280|226|202|271|284|226|165|235|201|175|215|207|185|219|118|209|195|250|185|238|166|156|258|167|243|185|262|157|202|222|310|169;222|229|172|128|241|150|139|170|145|180|212|205|199|175|190|196|167|235|200|169|257|207|175|117|221|237|135|154|192|221|184|128|184|189|184|252|257|211|192|240|256|257|246|222|193|293|169|149|118|224|262|212|118|168|253|152|201|242|244|172|283|245|282|266
51913:193|153|215|201|164|173|125|224|141|154|221|227|254|234|275|153|213|255|184|248|254|178|175|158|209|220|245|223|136|218|207|158|198|213|196|221|176|155|165|161|202|210|180|234|196|143|215|200|169|209|132|185|181|204|188|147|217|235|159|208|204|176|198|176;212|133|150|143|234|164|173|200|151|210|205|213|157|175|148|194|168|185|213|179|250|204|249|151|168|212|187|117|125|189|193|137|139|200|199|199|127|145|207|208|226|203|208|186|212|231|120|229|193|243|253|170|287|239|186|156|268|179|170|210|171|275|265|196
51914:207|165|193|150|173|110|121|178|165|148|190|181|164|196|191|146|208|166|182|202|174|206|146|102|194|210|114|122|166|212|172|163|217|188|172|183|172|177|175|235|176|201|171|167|105|187|216|136|210|158|187|115|204|145|124|146|213|207|105|134|167|157|184|192;210|171|189|203|130|204|199|161|207|112|261|243|198|187|176|172|147|146|231|120|223|204|163|182|188|227|165|288|193|204|229|173|116|217|180|161|221|180|161|189|213|142|178|168|205|230|180|194|202|188|179|158|127|157|206|182|216|154|182|189|240|172|152|183
59283:213|113|121|213|188|193|194|124|210|128|142|248|149|180|149|212|248|116|215|254|162|131|227|139|220|231|182|111|175|193|212|210|230|178|230|169|108|195|111|147|215|262|172|173|176|168|173|225|132|178|204|243|120|225|127|191|188|97|182|141|203|237|127|197;164|220|164|228|179|168|202|217|244|123|237|230|211|219|146|154|164|266|223|168|170|144|170|192|208|176|223|245|190|179|176|113|203|131|222|185|150|190|127|164|109|216|161|181|124|155|172|224|137|172|140|143|218|212|221|179|241|251|204|138|183|164|98|185
59281:239|218|108|171|198|205|187|192|203|168|200|172|160|130|144|169|148|122|146|110|186|134|103|180|118|84|223|219|108|144|144|104|244|203|127|201|119|189|157|238|132|162|171|130|198|136|128|170|191|147|146|110|93|210|105|110|233|234|157|128|155|190|163|131;193|206|185|104|117|84|111|139|155|156|199|128|170|125|176|117|107|122|196|205|206|91|132|105|127|162|107|105|194|185|143|267|89|120|200|118|153|92|158|96|113|162|161|157|109|110|195|207|134|110|118|81|154|171|165|107|179|83|122|100|189|126|166|119
59282:113|142|187|181|154|241|144|231|257|180|227|128|200|291|188|106|183|262|192|177|206|142|233|199|210|130|207|225|154|189|273|230|168|180|153|218|169|195|179|200|161|181|207|187|211|212|194|158|162|187|197|192|155|151|156|168|206|210|158|176|200|167|105|189;261|241|177|171|217|139|198|224|261|248|232|253|253|104|235|206|238|219|173|233|193|200|133|243|212|249|119|138|272|230|216|159|198|132|110|208|103|194|159|170|120|192|228|165|220|199|135|149|159|242|152|132|123|196|174|175|146|127|138|266|106|180|179|134
59285:212|187|159|252|188|194|235|182|210|203|210|211|176|165|169|279|228|120|249|140|130|194|245|252|274|219|187|206|195|178|218|136|169|126|179|131|207|234|171|161|231|240|197|200|203|172|203|195|186|175|173|254|190|196|159|235|170|249|245|176|196|175|233|156;301|314|161|244|214|221|210|257|193|257|240|132|140|256|248|203|263|260|207|125|230|186|160|267|203|229|175|159|200|243|237|192|221|306|126|179|303|193|228|217|164|224|244|206|233|224|278|299|289|314|271|297|173|231|345|285|210|298|272|225|199|194|257|277
59342:165|240|175|248|226|180|162|186|178|136|170|154|120|222|220|199|271|164|201|234|199|228|206|258|177|192|171|172|159|149|160|209|247|298|268|121|177|191|155|222|238|199|157|181|182|223|231|258|170|211|210|193|202|226|170|178|167|236|232|166|178|220|244|246;173|206|241|155|196|205|234|201|157|140|228|189|251|197|195|171|178|162|248|211|255|205|170|122|208|213|177|127|172|236|203|203|244|186|194|135|210|227|186|250|257|226|227|245|224|219|252|239|195|191|184|207|219|117|206|180|200|150|248|216|188|157|223|194
51916:218|180|150|190|163|214|180|193|255|188|210|234|189|122|200|256|253|276|150|191|249|199|266|239|184|198|152|230|189|170|182|170|236|253|194|205|202|260|259|215|179|267|241|181|198|235|220|138|157|222|224|203|194|128|180|170|191|233|236|234|220|126|192|317;204|226|234|209|248|222|166|136|222|244|163|197|224|244|131|255|210|163|178|121|178|246|255|151|263|178|214|241|180|193|155|174|248|150|211|246|200|244|141|179|179|190|200|230|237|136|206|160|134|148|271|236|214|141|146|193|177|199|124|204|163|138|156|157
51917:221|144|214|174|224|200|178|145|161|192|168|168|151|182|125|173|142|212|161|202|154|160|152|195|135|162|192|223|143|191|186|176|137|212|221|226|212|158|175|168|172|183|215|209|211|129|231|198|132|166|197|199|214|182|230|178|216|184|227|220|187|167|221|203;170|208|231|266|216|171|149|236|228|336|288|178|203|203|239|237|248|121|277|185|252|153|231|262|288|271|207|211|230|240|180|182|263|205|216|216|217|155|248|228|175|185|126|248|221|173|144|198|273|245|147|158|305|187|199|182|163|216|154|176|199|201|198|288
51915:230|190|240|210|207|264|114|266|224|252|133|180|206|209|238|133|182|197|219|227|241|183|184|179|281|162|215|236|148|177|191|273|203|174|180|223|166|228|151|128|179|172|201|224|143|199|172|226|212|167|182|133|184|158|236|185|199|224|199|151|232|141|153|119;161|211|231|195|152|258|254|213|238|293|135|185|192|231|210|194|143|228|210|249|110|217|160|169|166|184|252|262|246|201|163|207|254|195|111|135|159|168|153|184|214|217|231|184|180|152|185|114|171|204|177|242|227|110|187|253|147|171|136|186|171|151|125|175
59284:187|146|169|190|252|224|166|145|159|155|131|171|152|195|253|111|187|197|109|185|212|195|139|214|187|150|210|179|193|253|96|204|183|184|191|164|168|117|174|127|184|198|209|169|132|184|155|110|164|185|180|130|162|167|153|108|206|190|164|87|149|153|157|191;178|188|220|213|172|168|98|240|142|233|114|168|223|185|218|205|151|171|144|176|137|149|158|182|233|154|197|204|206|161|193|104|174|97|111|124|93|142|89|161|124|182|172|190|140|139|142|103|140|181|96|207|215|172|173|160|230|219|161|190|187|165|170|134
22674:147|157|143|199|194|137|157|245|278|163|230|195|184|107|113|128|174|140|117|189|227|236|144|121|196|206|206|193|163|159|250|199|189|222|234|183|204|220|206|201|95|213|232|173|211|226|207|190|225|238|153|239|217|254|166|202|175|164|146|198|200|147|145|211;167|145|202|253|169|198|170|99|168|191|253|195|204|225|218|194|200|183|191|297|187|175|213|123|116|230|259|176|101|197|193|175|223|155|198|144|230|96|300|213|229|170|133|189|210|199|212|156|203|175|95|172|129|226|252|204|179|146|222|187|217|213|151|98
24537:239|174|187|211|161|220|168|163|288|218|227|149|219|240|193|121|233|170|224|211|176|203|193|256|193|209|211|209|228|143|154|183|165|134|166|182|169|132|115|141|177|160|163|248|157|146|187|132|169|157|213|134|144|170|272|184|140|134|136|186|182|228|146|214;246|236|157|249|175|242|241|177|202|222|309|172|226|280|226|118|268|252|179|162|340|163|235|252|253|247|126|230|136|238|216|212|226|177|178|192|244|269|206|207|193|178|273|254|218|225|116|285|210|161|188|192|149|161|201|199|207|180|117|208|235|231|168|184
