2 12 1
2 12 24
2 12 25
2 12 33
2 12 41
2 12 44
2 12 45
2 12 52
2 12 57
2 12 64
2 12 72
2 12 73
2 12 76
2 12 84
2 12 85
2 12 89
2 12 97
2 12 104
2 12 112
2 12 116
2 12 117
2 12 124
2 12 125
2 12 133
2 12 137
2 12 140
2 12 145
2 12 152
2 12 153
2 12 169
2 12 176
2 12 185
2 12 188
2 12 189
2 12 192
2 12 200
2 12 204
2 12 212
2 12 216
2 12 221
2 12 224
2 12 225
2 12 228
2 12 229
2 12 232
2 12 237
2 12 241
2 12 244
2 12 245
2 12 253
2 12 257
2 12 272
2 12 277
2 12 280
2 12 284
2 12 289
2 12 304
2 12 308
2 12 321
2 12 324
2 12 332
2 12 337
2 12 340
2 12 348
2 12 352
2 12 356
2 12 360
2 12 361
2 12 364
2 12 365
2 12 380
2 12 388
2 12 396
2 12 400
2 12 416
2 12 432
2 12 437
2 12 441
2 12 452
2 12 456
2 12 461
2 12 465
2 12 477
2 12 481
2 12 485
2 12 488
2 12 492
2 12 497
2 12 500
2 12 501
2 12 504
2 12 509
2 12 512
2 12 520
2 12 524
2 12 525
2 12 528
2 12 532
2 12 533
2 12 537
2 12 556
2 12 560
2 12 564
2 12 565
2 12 572
2 12 584
2 12 585
2 12 592
2 12 601
2 12 604
2 12 605
2 12 608
2 12 629
2 12 632
2 12 636
2 12 640
2 12 641
2 12 648
2 12 653
2 12 660
2 12 672
2 12 676
2 12 680
2 12 681
2 12 684
2 12 688
2 12 696
2 12 700
2 12 704
2 12 708
2 13 2
2 13 7
2 13 14
2 13 19
2 13 22
2 13 23
2 13 26
2 13 27
2 13 30
2 13 38
2 13 42
2 13 43
2 13 46
2 13 54
2 13 55
2 13 70
2 13 74
2 13 79
2 13 90
2 13 91
2 13 99
2 13 102
2 13 107
2 13 111
2 13 115
2 13 118
2 13 122
2 13 130
2 13 138
2 13 142
2 13 143
2 13 146
2 13 150
2 13 151
2 13 158
2 13 159
2 13 162
2 13 163
2 13 171
2 13 178
2 13 179
2 13 187
2 13 190
2 13 194
2 13 195
2 13 199
2 13 202
2 13 207
2 13 210
2 13 211
2 13 222
2 13 223
2 13 226
2 13 227
2 13 230
2 13 234
2 13 246
2 13 250
2 13 251
2 13 255
2 13 263
2 13 266
2 13 275
2 13 278
2 13 291
2 13 294
2 13 298
2 13 299
2 13 302
2 13 306
2 13 311
2 13 322
2 13 326
2 13 331
2 13 334
2 13 338
2 13 339
2 13 342
2 13 343
2 13 346
2 13 347
2 13 358
2 13 362
2 13 367
2 13 371
2 13 378
2 13 382
2 13 387
2 13 391
2 13 407
2 13 414
2 13 415
2 13 418
2 13 422
2 13 426
2 13 431
2 13 455
2 13 458
2 13 470
2 13 474
2 13 479
2 13 491
2 13 495
2 13 522
2 13 526
2 13 530
2 13 550
2 13 563
2 13 574
2 13 579
2 13 582
2 13 598
2 13 602
2 13 607
2 13 611
2 13 614
2 13 615
2 13 618
2 13 627
2 13 631
2 13 642
2 13 646
2 13 647
2 13 650
2 13 651
2 13 658
2 13 662
2 13 666
2 13 667
2 13 674
2 13 679
2 13 690
2 13 691
2 13 694
2 13 698
2 13 706
2 13 710
2 13 719
