5 10 576
5 10 577
5 10 578
5 10 579
5 10 580
5 10 581
5 10 582
5 10 583
5 10 584
5 10 585
5 10 586
5 10 587
5 10 588
5 10 589
5 10 590
5 10 591
5 10 592
5 10 593
5 10 594
5 10 595
5 10 596
5 10 597
5 10 598
5 10 599
5 10 600
5 10 601
5 10 602
5 10 603
5 10 604
5 10 605
5 10 606
5 10 607
5 10 608
5 10 609
5 10 610
5 10 611
5 10 612
5 10 613
5 10 614
5 10 615
5 10 616
5 10 617
5 10 618
5 10 619
5 10 620
5 10 621
5 10 622
5 10 623
5 10 624
5 10 625
5 10 626
5 10 627
5 10 628
5 10 629
5 10 630
5 10 631
5 10 632
5 10 633
5 10 634
5 10 635
5 10 636
5 10 637
5 10 638
5 10 639
5 10 645
13 10 512
13 10 513
13 10 514
13 10 515
13 10 516
13 10 517
13 10 518
13 10 519
13 10 520
13 10 521
13 10 522
13 10 523
13 10 524
13 10 525
13 10 526
13 10 527
13 10 528
13 10 529
13 10 530
13 10 531
13 10 532
13 10 533
13 10 534
13 10 535
13 10 536
13 10 537
13 10 538
13 10 539
13 10 540
13 10 541
13 10 542
13 10 543
13 10 544
13 10 545
13 10 546
13 10 547
13 10 548
13 10 549
13 10 550
13 10 551
13 10 552
13 10 553
13 10 554
13 10 555
13 10 556
13 10 557
13 10 558
13 10 559
13 10 560
13 10 561
13 10 562
13 10 563
13 10 564
13 10 565
13 10 566
13 10 567
13 10 568
13 10 569
13 10 570
13 10 571
13 10 572
13 10 573
13 10 574
13 10 575
