12 6 0
12 6 1
12 6 2
12 6 3
12 6 4
12 6 5
12 6 6
12 6 7
12 6 8
12 6 9
12 6 10
12 6 11
12 6 12
12 6 13
12 6 14
12 6 15
12 6 16
12 6 17
12 6 18
12 6 19
12 6 20
12 6 21
12 6 22
12 6 23
12 6 24
12 6 25
12 6 26
12 6 27
12 6 28
12 6 29
12 6 30
12 6 31
12 6 32
12 6 33
12 6 34
12 6 35
12 6 36
12 6 37
12 6 38
12 6 39
12 6 40
12 6 41
12 6 42
12 6 43
12 6 44
12 6 45
12 6 46
12 6 47
12 6 48
12 6 49
12 6 50
12 6 51
12 6 52
12 6 53
12 6 54
12 6 55
12 6 56
12 6 57
12 6 58
12 6 59
12 6 60
12 6 61
12 6 62
12 6 63
12 6 64
12 6 65
12 6 66
12 6 67
12 6 68
12 6 69
12 6 70
12 6 71
12 6 72
12 6 73
12 6 74
12 6 75
12 6 76
12 6 77
12 6 78
12 6 79
12 6 80
12 6 81
12 6 82
12 6 83
12 6 84
12 6 85
12 6 86
12 6 87
12 6 88
12 6 89
12 6 90
12 6 91
12 6 92
12 6 93
12 6 94
12 6 95
12 6 96
12 6 97
12 6 98
12 6 99
12 6 100
12 6 101
12 6 102
12 6 103
12 6 104
12 6 105
12 6 106
12 6 107
12 6 108
12 6 109
12 6 110
12 6 111
12 6 112
12 6 113
12 6 114
12 6 115
12 6 116
12 6 117
12 6 118
12 6 119
12 6 120
12 6 121
12 6 122
12 6 123
12 6 124
12 6 125
12 6 126
12 6 127
12 6 128
12 6 129
12 6 130
12 6 131
12 6 132
12 6 133
12 6 134
12 6 135
12 6 136
12 6 137
12 6 138
12 6 139
12 6 140
12 6 141
12 6 142
12 6 143
12 6 144
12 6 145
12 6 146
12 6 147
12 6 148
12 6 149
12 6 150
12 6 151
12 6 152
12 6 153
12 6 154
12 6 155
12 6 156
12 6 157
12 6 158
12 6 159
12 6 160
12 6 161
12 6 162
12 6 163
12 6 164
12 6 165
12 6 166
12 6 167
12 6 168
12 6 169
12 6 170
12 6 171
12 6 172
12 6 173
12 6 174
12 6 175
12 6 176
12 6 177
12 6 178
12 6 179
12 6 180
12 6 181
12 6 182
12 6 183
12 6 184
12 6 185
12 6 186
12 6 187
12 6 188
12 6 189
12 6 190
12 6 191
12 6 192
12 6 193
12 6 194
12 6 195
12 6 196
12 6 197
12 6 198
12 6 199
12 6 200
12 6 201
12 6 202
12 6 203
12 6 204
12 6 205
12 6 206
12 6 207
12 6 208
12 6 209
12 6 210
12 6 211
12 6 212
12 6 213
12 6 214
12 6 215
12 6 216
12 6 217
12 6 218
12 6 219
12 6 220
12 6 221
12 6 222
12 6 223
12 6 224
12 6 225
12 6 226
12 6 227
12 6 228
12 6 229
12 6 230
12 6 231
12 6 232
12 6 233
12 6 234
12 6 235
12 6 236
12 6 237
12 6 238
12 6 239
12 6 240
12 6 241
12 6 242
12 6 243
12 6 244
12 6 245
12 6 246
12 6 247
12 6 248
12 6 249
12 6 250
12 6 251
12 6 252
12 6 253
12 6 254
12 6 255
12 6 320
12 6 321
12 6 322
12 6 323
12 6 324
12 6 325
12 6 326
12 6 327
12 6 328
12 6 329
12 6 330
12 6 331
12 6 332
12 6 333
12 6 334
12 6 335
12 6 336
12 6 337
12 6 338
12 6 339
12 6 340
12 6 341
12 6 342
12 6 343
12 6 344
12 6 345
12 6 346
12 6 347
12 6 348
12 6 349
12 6 350
12 6 351
12 6 352
12 6 353
12 6 354
12 6 355
12 6 356
12 6 357
12 6 358
12 6 359
12 6 360
12 6 361
12 6 362
12 6 363
12 6 364
12 6 365
12 6 366
12 6 367
12 6 368
12 6 369
12 6 370
12 6 371
12 6 372
12 6 373
12 6 374
12 6 375
12 6 376
12 6 377
12 6 378
12 6 379
12 6 380
12 6 381
12 6 382
12 6 383
